The Confusion Matrix is :
[[ 981  425  538]
 [ 265 1147  533]
 [ 248  504 1192]]The normalized Confusion Matrix is :
[[0.50462963 0.2186214  0.27674897]
 [0.13624679 0.58971722 0.27403599]
 [0.12757202 0.25925926 0.61316872]]