The Confusion Matrix is :
[[128  26  37]
 [ 10 139  42]
 [ 16  26 148]]The normalized Confusion Matrix is :
[[0.67015707 0.13612565 0.19371728]
 [0.05235602 0.72774869 0.21989529]
 [0.08421053 0.13684211 0.77894737]]