The Confusion Matrix is :
[[353 199 226]
 [146 378 254]
 [197 148 432]]The normalized Confusion Matrix is :
[[0.45372751 0.25578406 0.29048843]
 [0.18766067 0.48586118 0.32647815]
 [0.25353925 0.19047619 0.55598456]]